3.52038
5.72753
4.54106
4.94929
3.21742
6.47158
5.40837
5.20611
3.50249
9.07225
6.85051
4.1416
5.0383
3.79223
3.81429
4.99659
9.22802
3.82675
3.80914
3.95586
4.75802
6.66073
7.16493
8.41868
5.66187
7.8307
9.32695
4.47815
4.01827
4.83983
5.55671
6.98075
5.06559
7.11333
5.35863
9.5334
6.43
2.83115
4.55917
2.725
9.18548
4.80478
9.60581
3.09363
4.05325
2.83345
5.56335
6.24344
7.08533
7.77939
6.52753
7.47249
2.81736
5.20888
7.36862
7.22283
2.75204
8.8256
9.52716
8.23171
2.89898
8.05849
10.5716
2.49719
7.97661
8.40832
3.15107
8.29233
12.6971
3.33474
5.37434
7.10667
3.66216
8.84363
9.45608
12.9866
6.48056
12.2496
2.58912
11.2299
5.78802
10.0904
3.25238
11.2076
11.3719
2.74624
3.62364
15.2299
4.31797
4.75978
10.0108
9.03517
2.53955
10.5717
9.50201
4.1029
6.97136
3.84987
4.22378
12.5861
11.8037
14.908
5.35379
10.908
3.1421
7.6571
8.36731
5.41196
1.92337
7.81848
6.2593
7.25458
2.16317
8.16324
10.4676
4.8422
6.90834
5.89083
3.28465
8.66648
12.1197
4.04284
4.87308
8.44051
4.56105
7.64469
7.19909
13.19
5.50284
10.3221
4.42266
6.63366
4.66701
3.46119
5.38639
6.45505
6.23449
7.67154
6.03948
9.65187
8.52864
3.90976
4.6895
3.0485
5.9097
5.27985
8.51822
2.2651
2.77719
4.1396
6.12054
6.42657
6.99957
6.03178
7.0058
9.19036
3.34815
9.44739
9.14931
9.37813
2.88352
3.59186
10.0927
9.62324
2.47462
11.6777
10.6232
3.28075
8.91869
9.33373
2.79175
9.7057
13.7932
3.65233
6.68813
4.95711
3.3648
12.5708
9.62324
13.0562
5.4283
12.5708
2.96558
8.10501
9.87389
8.58266
2.41144
8.90265
4.92952
4.40929
2.94814
11.9519
10.1445
3.54368
6.28261
4.57396
3.6476
9.40757
14.5369
3.144
5.197
7.54817
4.03369
11.5983
7.93199
16.1218
5.02576
12.1218
2.52391
8.02361
9.28589
9.01981
2.20225
8.36085
9.96031
9.51285
2.56444
11.8892
9.74418
5.59037
6.46167
6.3705
2.5808
8.88231
12.2677
4.46684
6.62388
5.16078
4.78352
10.1467
7.58124
16.5897
3.5422
11.5897
3.83958
6.05278
3.15475
4.45672
4.43128
5.69187
5.44486
9.38685
9.05194
10.749
6.80994
4.13015
5.20704
2.35531
3.8751
5.48564
9.27246
5.3477
3.09199
3.66257
6.98659
5.27853
10.7563
8.58884
11.1787
5.26642
1.87407
10.4925
8.35495
8.64446
2.35803
10.4925
10.2294
9.11394
3.80315
9.64446
9.11394
10.007
9.49245
8.11394
2.34474
9.64446
inf
8.72692
8.49245
9.81438
2.09157
10.8144
11.2294
inf
9.00703
inf
3.06806
6.72251
8.4964
8.46121
1.67953
7.04183
9.34439
5.42262
2.39928
9.51432
7.30487
4.3464
6.62193
5.04671
4.15765
7.4964
12.8362
5.62193
3.81457
6.45687
5.36254
8.44393
6.27783
14.8362
5.07969
13.2513
2.80533
7.55324
7.03424
5.97501
2.33164
7.49402
7.68685
9.20839
2.46878
12.3001
7.55997
3.12167
6.82031
7.3564
3.27115
6.94254
12.9216
9.55055
5.82841
5.62484
4.7505
7.21369
8.97456
13.7151
3.26591
11.247
2.19133
4.4769
7.98099
9.28605
2.36483
8.55244
10.5424
9.81749
2.44282
11.9574
10.8054
7.83887
4.81447
6.60902
2.94
3.85569
13.5424
8.93752
5.55118
9.25288
4.55749
9.9179
9.79345
13.905
5.16976
12.5424
3.53903
7.23464
4.11546
3.8655
2.77676
6.12097
2.97818
7.29684
3.31419
8.72862
6.59703
7.01039
7.20708
5.56251
3.51441
6.57925
8.89182
6.82877
3.95346
2.98589
6.07549
6.90284
7.87953
10.9084
6.92301
8.51712
6.08602
5.68958
4.53765
4.97366
6.39686
6.82442
4.61997
7.72436
5.45571
10.4662
6.96258
3.74327
3.9096
2.37984
5.01578
4.11933
9.5708
3.07435
3.99011
4.28005
3.71795
5.27339
5.68877
6.99997
7.70659
8.21943
3.10862
8.97286
9.06678
9.78021
2.67407
9.13297
10.3919
2.76111
3.42538
12.4082
10.4082
3.94491
8.75393
7.668
3.13678
4.90406
14.0603
2.94361
4.81477
4.63077
4.83047
12.1128
9.11948
14.8677
5.97362
14.5457
7.33673
10.6587
10.6587
9.8513
8.95822
11.6587
11.6587
11.6587
8.0148
inf
11.0737
9.48873
9.8513
10.0737
10.3367
11.0737
9.8513
8.95822
8.48873
9.33673
0.0430282
10.6587
10.6587
inf
11.6587
inf
2.69294
6.17395
5.31804
5.1958
2.52612
7.23082
5.89333
6.77365
2.66877
10.2163
6.77804
6.18973
5.10677
5.58913
2.88841
6.07731
10.4444
5.2362
4.27532
4.65663
5.17086
6.94632
7.9163
13.5519
4.92357
10.3295
4.1357
7.62713
4.20559
8.82207
3.05303
8.3822
9.23711
3.92759
3.29814
11.1846
6.36021
5.56748
4.60165
6.09213
4.28478
4.41409
7.48156
9.0109
3.09182
2.39015
4.13453
8.2438
6.88696
14.7696
5.90586
11.329
3.27119
8.5639
6.84635
9.84129
2.27618
8.12232
9.51705
3.62716
2.13076
11.5403
10.9997
5.92519
7.80004
8.03228
3.26102
8.95532
13.3476
3.40779
5.15065
4.99129
4.84381
10.3977
7.5113
14.4851
4.89269
8.50329
4.98358
4.65924
4.8305
5.10663
5.1606
7.02159
5.69628
9.73911
4.959
10.2488
7.64158
3.2443
3.90561
2.31214
7.01119
4.73375
11.1541
3.14097
2.68816
3.82979
10.6079
8.04928
11.087
8.18014
9.44492
8.61179
2.68565
13.6418
10.4719
10.1824
1.00222
12.4194
11.2268
11.9048
2.08784
15.2268
10.6418
9.077
10.5829
10.1393
3.7364
11.2268
inf
7.85171
8.36877
10.0568
6.26385
9.31986
13.2268
13.6418
7.67216
12.6418
2.1232
6.50563
7.979
6.47075
2.59605
7.34357
8.75861
3.99043
2.56583
12.3436
6.90395
5.21018
7.10326
4.27856
2.78362
7.71131
13.6655
4.95642
4.95987
7.05817
7.34357
10.6655
8.09565
14.6655
6.51576
10.1419
3.14339
7.4478
4.002
8.78221
3.08057
7.47289
9.60534
5.61928
2.15159
inf
12.3058
7.03899
7.60534
8.98385
3.64044
3.33999
9.49842
9.21831
6.52442
3.01116
5.0626
9.21831
7.91346
9.49842
3.70215
13.3058
3.85146
6.06256
3.95433
4.54165
4.19829
7.25811
5.28749
7.34194
4.64625
11.5119
8.20108
3.17236
3.8758
3.71246
4.30166
3.2849
12.6273
4.06256
3.23467
4.00164
6.85916
7.89942
6.76936
7.43095
11.0424
7.30542
2.52291
8.4962
9.31932
9.26488
1.2722
11.4348
9.84984
8.29184
2.63229
13.0198
8.81031
5.82501
8.62745
9.11287
3.00017
9.56033
11.6978
9.26488
8.84984
9.01976
6.39041
10.0198
8.89048
inf
5.1189
4.65563
